Multiple size <= 100
TEST 1 ARG:81 61 90 91 24 28 43 30 1 89 63 35 64 33 72 62 80 85 54 57 68 69 50 67 38 40 98 70 23 53 49 56 52 86 37 2 73 47 95 58 31 99 36 7 12 26 51 42 14 3 96 17 79 10 71 55 59 45 8 48 29 84 15 87 20 6 66 82 27 0 11 9 39 97 65 19 76 21 4 93 41 88 13 18 74 78 16 5 22 34 77 32 46 25 92 83 44 60 75 94
TEST 2 ARG:63 67 78 8 65 41 92 86 83 68 50 35 18 25 73 38 66 23 53 97 37 29 61 96 76 71 30 28 72 0 94 39 95 77 2 15 12 47 42 13 3 19 16 79 32 24 80 11 60 91 51 88 58 44 36 49 70 56 10 99 14 74 52 64 69 9 89 6 43 54 17 90 7 81 22 5 85 57 20 1 45 46 31 59 21 82 87 48 27 40 26 4 55 33 34 98 75 84 93 62
TEST 3 ARG:17 85 19 65 27 40 57 78 10 72 84 32 5 36 52 29 92 62 68 43 87 44 3 82 26 6 31 73 12 64 80 35 56 98 91 77 51 63 39 1 18 81 54 83 9 0 49 28 58 34 71 47 50 94 16 7 66 93 53 20 37 38 95 41 61 67 4 2 25 79 45 97 33 74 23 86 89 55 46 75 13 90 88 59 76 15 30 8 60 22 42 48 24 21 69 70 14 96 99 11
TEST 4 ARG:18 69 59 28 96 42 10 7 62 34 70 25 29 81 12 93 20 30 13 37 94 88 72 83 92 6 16 49 52 47 56 38 26 82 67 35 1 89 63 60 80 33 5 98 22 23 55 97 19 2 17 54 4 90 57 45 40 14 71 15 95 8 85 66 91 79 87 3 43 21 75 27 50 64 36 86 77 0 31 73 61 39 65 58 48 99 32 76 78 24 11 41 53 68 84 9 74 44 46 51
TEST 5 ARG:10 47 39 85 28 50 36 8 99 42 65 1 63 87 68 98 69 9 77 14 67 57 64 54 96 27 58 7 12 22 90 34 29 66 46 70 84 55 44 20 23 73 48 94 56 74 43 97 3 49 79 86 62 32 35 92 88 53 18 6 0 52 16 37 80 21 59 83 15 2 81 33 26 41 95 24 61 71 17 60 76 4 19 13 82 93 78 25 72 31 75 89 91 30 40 38 51 11 5 45
TEST 6 ARG:79 26 31 60 87 94 71 43 18 5 40 65 22 63 86 25 6 15 4 68 19 49 89 80 8 56 24 76 93 73 57 35 13 83 34 21 78 7 67 32 53 55 41 52 99 84 50 47 17 42 12 14 23 64 75 72 74 92 88 33 45 90 82 95 2 70 51 3 46 98 9 27 10 69 61 0 96 29 1 39 44 16 66 20 28 54 11 85 59 81 30 36 48 77 58 62 37 38 91 97
TEST 7 ARG:85 57 76 34 59 40 36 86 5 21 63 6 8 78 4 26 17 32 44 39 30 11 71 93 88 16 99 87 33 65 69 89 15 62 53 37 92 77 64 13 23 67 82 27 9 66 7 58 20 29 48 74 19 12 84 55 98 75 72 54 10 25 1 22 41 45 97 96 50 90 42 68 83 14 18 46 79 70 61 47 60 73 52 51 81 49 91 3 28 35 95 2 31 43 24 38 94 56 80 0
TEST 8 ARG:38 67 43 27 0 31 6 17 47 9 52 84 41 10 36 51 86 58 37 45 89 44 26 82 72 94 97 23 11 20 48 24 85 87 68 81 22 34 25 54 55 50 63 95 29 33 71 53 73 75 1 78 39 62 61 42 19 32 98 40 66 46 13 93 57 65 21 77 8 7 5 76 2 12 96 83 74 49 18 60 35 80 92 15 88 16 64 3 70 91 90 4 59 28 79 56 14 99 69 30
TEST 9 ARG:55 36 32 63 24 79 33 9 87 16 57 7 85 66 13 39 83 12 4 93 43 47 20 98 67 44 88 56 78 76 17 61 80 25 71 58 68 11 5 10 92 89 73 22 64 91 60 23 59 70 1 34 14 82 46 2 52 97 26 75 94 65 90 3 18 81 0 40 96 72 86 53 8 77 21 41 42 15 48 19 27 29 62 49 54 51 6 84 69 95 38 37 50 31 99 28 45 30 74 35
TEST 10 ARG:17 64 26 9 79 39 6 33 45 99 43 85 47 59 67 8 29 69 55 27 70 92 28 91 73 71 35 61 41 1 52 14 81 60 21 37 82 11 44 18 51 90 22 95 46 32 30 78 84 57 48 7 23 4 24 68 20 66 2 36 72 50 74 40 38 16 58 94 77 34 19 0 56 98 93 62 5 3 96 87 80 42 97 86 65 76 49 12 88 75 89 15 10 31 53 63 54 13 25 83
TEST 11 ARG:49 50 20 78 4 27 17 89 5 23 60 29 83 96 94 47 77 46 68 63 69 28 45 58 87 44 11 88 90 26 36 70 34 30 19 54 91 32 9 10 66 55 74 84 43 48 7 59 24 22 12 35 80 21 8 95 61 65 97 57 1 73 99 33 16 75 40 51 41 13 38 81 37 15 86 98 93 53 76 3 42 56 79 2 71 39 85 92 52 14 25 31 6 82 72 0 18 62 67 64
TEST 12 ARG:3 15 70 40 93 6 56 29 37 41 14 55 80 71 91 21 2 67 19 12 20 59 38 18 53 82 73 44 68 0 49 64 65 62 48 84 36 66 9 33 17 42 34 74 60 75 10 57 30 27 22 32 24 63 8 28 86 7 79 88 83 87 78 39 16 5 97 25 77 1 99 89 98 76 58 13 54 50 96 94 35 26 46 72 23 51 52 85 31 90 81 4 92 43 61 69 11 47 95 45
TEST 13 ARG:63 6 77 1 7 9 97 59 2 78 64 29 81 42 87 91 69 34 3 20 14 62 5 27 21 56 40 54 49 94 55 8 48 61 26 75 82 11 17 10 39 72 47 22 13 46 85 28 19 76 67 98 15 99 84 83 58 79 37 36 93 50 95 4 31 86 92 30 16 80 32 18 66 45 68 96 89 60 25 51 71 73 43 70 12 0 23 52 88 57 90 65 35 33 44 38 41 53 74 24
TEST 14 ARG:47 8 51 20 40 49 59 31 77 18 79 45 42 2 32 67 76 12 0 52 64 5 82 10 81 95 83 78 25 63 90 41 14 16 50 37 71 30 34 96 85 68 27 93 62 92 87 24 84 98 22 86 99 28 35 3 54 23 66 13 46 65 36 72 26 9 1 73 19 88 4 91 80 21 6 69 70 43 11 89 55 29 44 53 61 74 33 58 97 57 75 56 17 94 60 39 48 38 15 7
TEST 15 ARG:91 40 69 82 57 90 65 31 70 23 47 9 42 50 33 19 80 56 96 0 95 22 59 28 26 24 77 5 52 25 41 75 67 71 30 92 55 8 62 11 48 85 39 64 16 21 15 97 68 86 61 2 4 83 60 13 99 74 32 3 73 49 10 35 7 93 84 94 36 79 58 34 72 27 81 20 14 1 89 44 87 45 53 88 51 37 43 78 6 12 38 66 29 17 63 76 18 54 98 46
TEST 16 ARG:81 5 25 40 4 71 85 39 28 10 67 0 68 82 13 79 52 65 47 62 2 94 97 34 51 1 33 56 11 80 8 74 53 78 75 31 70 77 35 17 57 76 63 86 72 60 58 44 73 9 84 64 87 43 49 91 36 83 55 21 59 90 95 18 98 12 30 66 29 45 41 3 22 7 6 15 23 27 14 37 46 92 48 24 26 19 38 69 93 42 89 96 61 16 32 20 54 88 50 99
TEST 17 ARG:15 10 43 67 22 58 21 75 19 92 81 7 86 28 62 37 69 64 3 83 14 31 71 73 90 25 76 40 94 36 88 18 29 48 59 39 12 23 68 47 87 89 11 60 45 77 52 78 97 8 44 65 85 98 53 57 20 46 4 35 82 9 33 80 95 27 93 56 0 32 42 50 51 49 72 34 99 41 17 16 66 70 24 61 6 74 2 26 5 38 84 13 54 55 96 30 79 63 1 91
TEST 18 ARG:12 22 47 84 28 10 16 17 89 86 18 53 87 38 43 62 5 73 46 8 69 19 95 68 7 93 78 74 48 58 57 51 61 55 39 30 24 98 21 67 1 70 66 99 63 2 52 23 20 15 75 54 72 59 60 4 14 36 32 65 91 90 9 97 34 94 29 82 71 11 42 6 40 0 27 3 88 83 77 33 96 25 64 80 44 50 79 26 35 81 13 37 85 45 31 49 76 41 92 56
TEST 19 ARG:50 91 8 33 97 88 84 22 96 63 10 39 14 92 45 85 44 23 71 65 17 59 2 60 74 58 19 53 64 12 5 30 9 90 43 98 36 11 66 16 41 24 1 4 25 32 76 55 62 13 99 68 0 83 89 51 80 35 75 29 40 94 52 21 38 42 34 57 46 26 6 49 79 47 56 20 3 87 69 72 93 95 78 28 77 86 73 70 81 67 48 82 15 54 37 27 18 31 7 61
TEST 20 ARG:18 22 57 54 56 15 30 55 33 79 41 0 37 26 50 71 80 40 88 60 35 87 67 32 17 86 52 23 43 95 92 76 65 48 61 53 16 12 70 14 68 72 3 64 90 81 10 44 21 96 74 85 6 77 73 2 39 59 91 69 38 4 9 82 63 7 84 13 75 78 28 83 36 34 1 51 31 27 8 29 47 24 66 94 99 5 97 98 11 49 93 45 19 20 46 25 58 62 89 42
TEST 21 ARG:65 52 16 9 99 20 12 71 42 63 17 78 54 44 74 86 92 45 30 79 8 85 36 91 46 38 98 25 94 83 19 57 90 3 14 4 5 68 34 75 76 1 56 35 23 29 39 72 97 10 40 47 53 88 66 28 22 11 67 33 51 43 84 24 13 64 93 7 18 50 80 60 0 77 58 31 15 73 62 81 70 69 55 6 21 82 37 59 2 96 32 95 26 27 89 87 48 41 49 61
TEST 22 ARG:97 76 99 77 60 8 52 90 39 17 46 57 56 69 25 24 48 43 92 47 73 5 20 13 9 50 10 87 41 29 16 59 89 75 33 61 55 83 27 94 2 74 4 45 11 6 93 53 62 19 64 91 30 22 67 51 66 28 98 35 37 34 72 80 23 26 1 81 84 79 36 44 54 7 0 31 32 18 68 86 15 14 95 42 71 21 38 96 40 49 78 82 12 3 70 65 58 88 63 85
TEST 23 ARG:99 61 90 73 72 74 75 93 26 59 29 50 23 82 35 13 1 30 37 54 78 77 87 45 76 96 11 24 68 44 92 40 17 12 63 71 95 43 98 65 89 4 10 88 16 9 47 79 62 91 94 8 3 20 25 33 97 18 0 80 46 38 49 2 56 51 86 83 60 34 31 41 5 42 27 84 39 22 69 7 85 48 21 32 15 67 14 70 57 52 53 55 66 81 58 19 6 64 36 28
TEST 24 ARG:58 45 97 32 91 50 78 16 96 9 17 31 54 22 73 59 79 30 10 7 93 4 47 89 3 62 5 24 20 19 75 60 72 98 33 53 77 99 43 90 37 56 41 35 88 94 85 52 95 1 48 36 2 70 27 21 74 57 25 28 69 14 40 63 15 6 68 42 84 11 83 8 0 67 29 92 12 86 87 18 44 49 81 66 23 71 65 64 76 82 38 46 80 55 26 61 51 34 39 13
TEST 25 ARG:54 34 53 38 31 42 14 90 27 16 86 17 72 25 92 23 47 33 22 50 13 96 87 91 79 51 66 55 57 56 1 82 9 70 49 37 67 99 83 29 68 24 4 44 7 12 11 97 69 81 59 20 60 65 28 0 45 89 43 58 85 84 46 98 52 5 39 71 35 93 6 61 76 80 48 64 94 18 30 77 78 88 19 2 32 15 95 74 62 73 36 21 8 10 3 26 41 40 75 63
TEST 26 ARG:51 32 44 64 11 2 3 22 73 74 94 34 28 49 72 1 43 90 66 26 78 36 46 41 39 27 91 30 10 33 93 54 99 9 42 31 71 56 58 25 92 69 67 88 15 63 83 12 50 84 59 52 16 13 87 86 38 45 47 97 57 23 20 96 81 48 62 98 68 17 29 6 35 80 5 19 75 0 18 8 76 7 55 70 21 40 60 4 65 95 85 14 53 79 61 77 37 24 89 82
TEST 27 ARG:97 66 11 58 67 84 88 64 46 44 79 62 69 0 7 5 15 20 57 14 24 23 65 35 17 39 9 81 33 43 18 34 16 76 80 38 71 19 47 4 45 85 29 27 83 6 89 98 56 28 48 30 94 8 92 50 36 54 61 70 49 40 42 10 13 74 87 51 31 93 91 55 41 32 60 73 96 25 3 72 12 82 26 21 77 52 2 1 37 53 22 86 99 63 95 68 90 75 59 78
TEST 28 ARG:47 53 20 84 50 86 13 1 9 49 81 0 29 17 7 24 94 25 87 22 79 35 39 63 30 56 12 95 78 68 14 41 23 28 36 3 80 67 43 51 90 37 31 19 38 99 66 75 16 72 55 48 70 32 88 83 59 89 52 54 58 92 8 93 44 96 34 73 65 60 2 74 11 10 40 6 42 62 64 33 91 69 26 18 46 82 85 15 57 61 76 5 27 21 97 71 77 4 45 98
TEST 29 ARG:25 38 46 5 13 84 29 57 55 98 30 53 70 87 14 75 62 43 66 39 33 7 32 78 77 44 61 42 23 49 1 60 58 64 89 83 88 59 24 81 76 16 4 54 95 93 65 21 35 74 50 72 41 48 19 69 85 8 79 0 56 9 18 6 17 97 27 99 15 73 68 28 67 40 26 20 10 80 31 52 51 12 90 92 2 37 11 91 63 82 86 22 34 47 36 71 94 45 96 3
TEST 30 ARG:32 90 9 74 77 39 29 55 27 99 54 78 26 22 89 64 84 36 86 3 98 15 58 68 59 56 46 71 96 1 30 14 18 61 23 62 42 0 87 72 57 38 49 17 11 85 83 47 88 12 45 24 76 63 94 35 73 43 48 7 75 92 10 20 21 52 69 31 41 70 5 6 95 82 60 53 40 13 28 67 93 34 19 2 80 51 81 50 44 97 79 33 37 16 4 66 65 91 8 25
TEST 31 ARG:71 43 3 63 78 53 70 33 66 91 94 27 98 76 29 6 13 81 20 84 61 83 4 12 44 42 41 99 37 22 65 46 28 92 88 93 14 82 75 2 26 21 54 49 96 7 58 80 39 62 10 16 0 1 30 35 64 89 45 34 74 72 56 85 11 19 18 8 68 31 51 17 23 9 86 15 24 60 50 67 48 5 36 73 69 25 57 95 59 40 79 90 52 38 97 87 47 32 55 77
TEST 32 ARG:83 45 61 43 99 42 36 56 74 37 21 38 14 57 97 34 59 87 73 24 68 16 71 0 91 67 39 89 44 25 55 70 23 65 76 13 81 11 47 29 15 41 50 72 8 79 33 31 51 46 10 40 86 49 94 92 3 32 27 1 53 64 98 90 58 12 48 54 60 30 35 96 7 4 85 6 22 9 95 19 88 17 18 77 84 63 82 52 62 26 66 80 93 28 78 75 2 69 5 20
TEST 33 ARG:89 22 6 78 30 44 81 80 76 34 24 69 70 63 85 75 0 14 27 90 3 51 40 43 71 61 33 23 21 82 28 57 15 97 64 77 54 50 62 96 4 87 45 86 99 42 13 68 36 26 79 16 12 52 37 5 20 98 17 29 60 18 25 59 84 94 74 11 55 91 2 53 67 19 41 48 88 65 95 7 35 93 32 8 38 39 58 56 46 73 10 83 49 72 92 47 66 1 31 9
TEST 34 ARG:41 88 12 13 98 1 28 95 0 73 23 69 62 40 8 75 3 4 38 90 57 56 35 70 42 14 21 30 84 27 61 11 92 52 86 82 20 89 36 49 80 37 44 50 59 66 48 34 85 99 7 60 10 45 79 97 29 65 83 54 63 77 55 91 58 5 46 9 81 53 25 39 47 64 76 74 15 33 22 32 18 96 93 2 19 51 68 24 6 31 16 71 26 78 72 67 87 17 43 94
TEST 35 ARG:35 68 27 14 34 31 19 93 4 32 16 7 56 36 23 98 96 42 59 24 51 74 40 37 15 61 26 76 9 54 2 57 1 5 60 11 86 97 85 73 99 72 67 62 88 89 0 92 50 90 55 30 78 41 53 87 95 12 75 81 63 20 18 94 28 77 43 83 39 84 33 82 13 38 49 3 46 69 91 6 64 66 22 70 25 47 52 17 48 45 79 44 29 65 21 80 8 71 10 58
TEST 36 ARG:51 47 12 59 41 56 27 49 82 96 24 55 23 62 10 77 33 84 85 61 45 60 28 80 11 92 46 95 17 86 58 68 35 32 39 34 22 63 88 54 8 19 87 4 1 40 44 43 30 9 37 70 89 2 16 48 29 71 97 42 14 75 74 93 90 94 18 0 50 53 78 21 67 98 31 36 72 64 81 83 65 73 15 25 26 7 99 13 6 20 57 5 91 38 79 76 3 52 66 69
TEST 37 ARG:15 73 59 78 94 31 92 80 26 83 32 46 18 38 77 64 34 81 63 97 90 21 13 72 82 58 68 85 30 91 95 17 67 99 62 14 20 9 84 74 23 48 86 53 61 4 2 8 37 88 60 42 36 96 71 49 6 76 24 55 5 70 33 47 65 45 75 79 43 87 66 16 69 39 35 40 98 50 11 44 0 52 54 10 22 29 28 25 1 27 7 57 51 56 93 41 19 89 12 3
TEST 38 ARG:27 92 18 69 13 63 8 79 2 44 74 75 76 5 26 81 34 58 7 31 64 98 88 1 94 11 21 46 77 22 38 42 50 91 4 15 51 29 23 40 84 99 36 35 6 71 47 14 9 87 86 55 72 20 30 41 60 28 62 56 33 95 48 32 85 93 67 53 45 68 70 25 73 16 43 61 37 96 83 12 57 52 49 97 54 65 0 90 3 78 19 24 59 89 82 17 80 66 10 39
TEST 39 ARG:52 53 3 67 9 17 38 32 84 55 34 87 59 42 70 22 41 27 88 93 97 5 99 68 16 21 14 39 24 19 73 35 51 90 76 48 74 58 60 4 46 11 10 0 29 98 64 15 36 72 28 89 91 92 40 85 30 23 82 2 56 71 25 47 86 69 20 43 75 81 79 62 63 57 50 13 77 31 44 83 78 94 95 1 6 45 61 26 37 66 33 96 80 12 65 54 49 7 8 18
TEST 40 ARG:1 74 92 39 2 0 90 42 85 23 94 27 12 99 68 6 78 58 98 69 30 20 91 77 50 44 21 81 34 36 35 24 96 40 3 63 8 73 46 62 88 87 79 10 45 59 95 17 75 64 11 70 60 86 89 84 43 16 29 15 72 93 48 13 71 5 28 53 4 55 33 22 80 31 65 54 32 7 61 41 56 67 66 18 83 25 82 14 97 51 57 9 49 38 76 26 37 52 19 47
TEST 41 ARG:14 8 91 24 51 40 62 53 21 85 28 81 60 55 61 1 68 70 48 38 49 42 64 43 92 44 65 88 72 13 15 23 94 34 74 96 30 36 2 41 84 59 4 71 52 95 33 97 78 63 29 37 66 57 73 50 76 35 69 75 22 16 86 99 0 80 90 93 98 56 46 12 77 10 5 17 82 79 3 87 39 7 20 11 58 54 67 6 45 83 89 26 47 27 31 18 25 9 32 19
TEST 42 ARG:42 36 17 57 48 73 19 30 93 76 50 8 5 52 54 97 31 6 47 4 55 66 41 56 85 53 88 89 35 92 29 10 22 49 90 11 86 81 15 75 58 82 64 77 7 46 13 40 78 1 79 14 83 69 37 84 65 32 63 44 26 28 20 80 96 94 38 18 61 3 98 24 9 70 2 72 39 43 45 51 25 91 21 33 23 71 62 87 0 59 27 16 67 68 74 60 34 99 12 95
TEST 43 ARG:4 28 61 8 76 57 74 80 55 99 92 86 78 17 56 20 60 21 83 89 10 96 58 25 7 13 34 36 59 47 44 62 72 23 73 71 94 19 38 43 26 63 88 65 31 48 3 2 46 32 53 68 24 87 18 90 66 5 39 79 50 9 69 49 15 1 93 42 29 12 81 14 82 67 84 54 85 97 30 6 22 41 91 35 75 70 64 45 37 51 11 95 0 77 27 16 40 52 33 98
TEST 44 ARG:23 83 2 59 74 96 16 75 38 40 32 56 72 45 82 22 47 29 98 4 94 64 39 33 80 11 57 35 51 60 21 10 65 77 18 19 71 9 92 93 44 34 95 91 84 49 36 76 3 43 66 78 63 5 50 69 37 8 99 1 48 54 12 67 53 27 88 86 13 97 28 73 87 79 81 26 15 90 24 61 25 42 55 6 41 52 62 46 0 7 20 58 30 17 68 89 14 85 70 31
TEST 45 ARG:21 34 86 59 81 49 72 95 87 74 51 92 46 73 7 42 64 93 88 67 61 65 82 70 16 54 33 45 57 20 23 40 85 8 55 13 36 79 26 27 58 84 4 69 62 48 1 56 15 89 44 60 12 10 11 39 77 78 5 14 90 22 30 43 66 50 17 35 9 2 99 97 32 31 53 47 0 25 3 18 37 94 71 29 98 38 96 76 63 19 52 41 28 6 68 91 75 83 80 24
TEST 46 ARG:65 84 93 49 73 60 99 1 81 11 28 55 19 33 42 30 8 61 57 82 85 27 67 95 32 26 46 64 80 6 88 12 97 43 13 17 96 24 34 44 77 14 79 78 76 47 21 66 20 9 5 39 48 59 58 51 29 40 56 98 10 38 86 7 94 31 92 54 16 75 89 74 37 15 91 22 0 53 83 45 18 4 68 41 2 71 50 35 25 62 90 69 63 23 87 3 72 36 52 70
TEST 47 ARG:81 35 85 43 61 16 0 13 87 36 94 79 58 1 32 64 68 30 55 45 71 6 46 41 10 2 21 7 23 40 15 53 80 27 28 92 19 69 54 25 70 29 66 60 3 65 76 77 17 73 88 39 72 20 5 52 22 56 83 82 93 91 14 38 33 98 62 31 4 12 99 86 37 97 49 51 90 59 57 8 26 34 47 63 48 89 9 50 18 42 74 78 24 44 11 67 96 84 95 75
TEST 48 ARG:31 12 0 87 70 72 34 64 5 11 85 69 97 33 6 20 30 98 42 28 17 10 82 46 79 75 62 73 18 54 41 74 8 22 71 1 47 60 81 4 78 52 95 61 68 3 51 63 44 19 76 99 9 15 7 67 53 93 65 27 49 39 13 90 77 88 25 89 38 35 45 83 92 29 80 57 94 58 43 32 24 91 48 50 84 40 59 56 36 55 66 26 21 14 86 16 23 2 37 96
TEST 49 ARG:55 92 69 59 19 44 35 46 30 34 4 87 40 60 53 63 14 45 7 27 8 80 26 0 15 50 47 72 6 61 11 39 38 10 43 58 90 5 41 62 79 32 13 95 89 20 74 3 31 64 84 88 12 16 85 56 18 83 57 9 54 67 99 33 52 78 23 17 76 77 75 68 94 48 22 21 97 49 93 65 98 24 86 42 1 25 51 81 96 73 70 36 28 71 29 91 82 37 66 2
TEST 50 ARG:87 88 55 62 8 1 90 85 42 21 22 69 38 91 77 13 46 70 14 48 68 51 57 31 16 67 58 9 30 60 6 92 79 86 0 89 80 10 20 95 75 32 3 19 63 94 78 23 11 83 82 25 39 45 44 34 99 29 24 28 50 7 17 18 59 53 56 76 4 43 49 74 36 98 64 47 54 66 40 33 35 41 73 37 27 61 2 93 84 5 72 81 71 15 52 97 26 96 12 65
TEST 51 ARG:58 36 79 89 10 22 3 29 60 77 85 63 30 99 92 28 62 80 21 51 52 84 24 65 82 45 61 94 7 31 25 19 81 27 54 0 18 44 8 93 70 72 90 97 69 9 55 23 12 16 47 2 26 73 59 78 41 75 46 32 95 98 43 96 35 1 5 64 20 48 6 74 91 88 57 15 4 67 37 17 11 39 66 14 53 13 33 68 87 56 40 76 71 83 86 42 38 34 50 49
TEST 52 ARG:12 45 43 95 4 51 61 14 75 8 52 44 31 49 3 67 82 22 15 19 60 89 79 25 84 6 71 93 73 76 74 83 16 53 58 17 34 13 90 26 64 54 9 36 42 20 30 70 40 57 98 55 27 29 2 97 96 87 81 59 91 92 65 78 47 94 41 23 24 7 62 10 5 69 1 80 21 63 72 56 66 48 85 99 88 50 33 32 18 0 37 86 35 11 68 28 77 39 46 38
TEST 53 ARG:11 29 56 1 70 68 20 80 14 78 97 54 13 16 18 58 42 10 39 40 55 57 17 53 74 5 25 21 89 31 75 26 38 50 92 61 63 64 93 65 22 23 15 35 62 86 2 66 24 79 60 28 4 98 84 19 73 71 6 12 91 0 36 8 32 76 85 48 59 9 3 46 88 47 90 44 34 82 69 49 51 43 67 72 87 77 41 37 96 95 52 45 81 7 83 33 99 94 27 30
TEST 54 ARG:37 60 73 22 80 70 15 2 3 34 1 69 55 40 96 51 85 10 93 31 45 28 48 58 19 76 20 46 94 72 97 5 38 23 57 24 68 78 63 61 54 79 30 41 18 92 56 77 62 50 6 0 42 27 49 16 9 89 14 86 43 98 29 8 83 67 99 32 7 53 11 44 13 81 74 91 25 52 82 65 90 66 84 87 36 12 4 47 75 39 26 64 71 88 21 17 59 95 35 33
TEST 55 ARG:15 49 32 13 87 18 99 8 78 48 33 93 63 82 57 5 94 21 92 50 52 31 66 42 34 3 27 51 14 80 39 28 74 95 68 58 69 44 9 38 70 75 81 61 73 46 89 12 67 43 4 41 6 25 23 47 17 37 72 55 24 91 76 64 26 79 62 7 97 53 2 96 90 88 85 77 71 22 16 19 45 60 0 29 84 35 98 54 83 20 30 36 65 1 56 40 10 59 11 86
TEST 56 ARG:77 5 83 13 15 36 0 98 96 27 89 86 60 2 11 78 40 67 7 43 26 94 6 91 82 50 55 8 75 81 59 45 37 92 9 97 90 80 38 85 19 47 58 48 21 28 70 41 52 56 32 64 22 54 74 62 31 16 49 33 73 72 65 53 24 12 87 17 63 29 84 14 76 4 69 44 39 20 46 42 1 18 3 30 57 79 10 95 51 99 34 35 66 23 68 88 61 93 25 71
TEST 57 ARG:27 86 35 78 4 89 98 50 17 55 68 39 49 87 66 79 37 1 85 77 22 38 23 0 83 63 95 64 48 57 94 45 92 5 8 12 51 69 14 30 13 33 75 16 53 71 74 88 19 21 9 73 72 80 82 42 44 96 81 7 46 2 11 59 61 6 15 97 18 43 56 67 32 60 3 26 91 76 34 99 31 52 24 40 54 84 62 58 29 41 90 10 20 36 65 47 28 93 70 25
TEST 58 ARG:73 99 43 53 55 98 38 33 84 90 75 16 39 72 89 28 62 69 22 83 79 45 11 0 21 95 18 5 3 23 61 27 50 57 56 34 70 42 91 65 58 63 87 78 96 29 68 47 30 88 12 25 44 14 77 86 85 64 41 59 32 80 46 54 81 13 60 97 92 15 10 51 36 4 48 40 67 20 76 7 93 74 66 31 2 9 37 26 17 71 8 1 19 82 52 6 24 49 94 35
